0 44 4 0
1 44 4 1
0 89 3 2
1 89 3 0
0 134 0 0
1 134 0 3
0 179 9 0
1 179 9 1
0 224 3 0
1 224 3 0
0 269 14 0
1 269 14 1
0 314 4 1
1 314 4 1
0 359 15 1
1 359 15 1
0 404 6 0
1 404 6 3
0 449 9 1
1 449 9 2
0 494 6 3
1 494 6 0
0 539 9 2
1 539 9 0
0 584 3 0
1 584 3 3
0 629 1 3
1 629 1 3
0 674 10 3
1 674 10 3
0 719 11 3
1 719 11 3
0 764 5 3
1 764 5 3
0 809 14 1
1 809 14 3
0 854 4 1
1 854 4 3
0 899 2 0
1 899 2 3
0 944 7 2
1 944 7 2
0 989 14 3
1 989 14 0
0 1034 14 0
1 1034 14 2
0 1079 14 2
1 1079 14 0
0 1124 9 0
1 1124 9 0
0 1169 4 3
1 1169 4 0
0 1214 0 3
1 1214 0 1
0 1259 3 3
1 1259 3 2
0 1304 0 1
1 1304 0 0
0 1349 8 0
1 1349 8 0
0 1394 5 3
1 1394 5 3
0 1439 2 3
1 1439 2 0
